22.5
35.0
49.166666666666664
61.666666666666664
78.33333333333333
97.5
95.0
99.16666666666667
103.33333333333333
99.16666666666667
38.333333333333336
40.0
52.5
55.0
70.0
92.5
100.83333333333333
102.5
20.0
40.0
58.333333333333336
67.5
81.66666666666667
85.0
94.16666666666667
18.333333333333332
29.166666666666668
66.66666666666667
72.5
86.66666666666667
95.0
99.16666666666667
25.0
55.0
58.333333333333336
68.33333333333333
75.83333333333333
82.5
93.33333333333333
96.66666666666667
97.5
34.166666666666664
60.0
64.16666666666667
83.33333333333333
90.83333333333333
101.66666666666667
30.833333333333332
45.0
57.5
75.0
99.16666666666667
99.16666666666667
109.16666666666667
19.166666666666668
41.666666666666664
50.833333333333336
66.66666666666667
75.83333333333333
80.83333333333333
91.66666666666667
90.0
91.66666666666667
96.66666666666667
33.333333333333336
50.0
71.66666666666667
68.33333333333333
94.16666666666667
99.16666666666667
